40 3 20

268 268 315
569.7 1122.3 713.3 1739.4 1770.92 1770.92 2022.92 2022.92 52.1 32.1 69.1 
1 1 1 1 1 1 1
1 0.4826 0.4826 0.4826 0.4826 0.4826 0
1 1 1 1 1 1 1
0.168 0.353 0.353 0.353 0.353 0.353 0.216
0 1 0 0 0 0 0
0 0 1 0 0 0 0
0 0 0 1 0 0 0
0 0 0 0 1 0 0
0 0 0 0 0 1 0
1 1 1 1 1 1 0
0 1 1 1 1 1 0

10 10 2 0.13 0.18 730 730 1650 1000 0.03 2115 5380 

1 2 6744.0 8607.833
57.539 24.618 18.0 1724.0
38.839 24.539 41.67 2596.0
22.14 31.957 45.99 2174.0

2 2 37635.0 17532.0
73.0 64.0 51.93 23352.0
78.349 72.716 76.41 14668.0
87.734 70.535 74.43 3396.0

3 2 1029.0 1017.0
28.298 13.763 13.77 98.0
24.866 13.754 25.11 142.0
21.82 15.906 26.88 376.0

4 2 105909.0 45458.331
69.0 169.0 36.6 36239.0
75.66 165.709 100.95 10143.0
139.045 93.199 155.67 34743.0

5 2 28588.135 20398.789
77.0 77.0 60.93 1183.0
77.0 77.0 60.93 5542.0
76.745 60.922 76.74 25217.0

6 2 6310.0 9792.0
16.55 79.7 11.52 3908.0
34.71 71.166 60.57 3726.0
27.232 37.222 80.43 5187.0

7 2 6701.0 7554.0
40.0 48.987 24.0 5289.0
39.255 41.374 46.8809 422.762
43.392 34.296 50.77 1254.614

8 2 2105.0 2160.0
22.439 26.257 13.28 396.0
26.026 29.968 33.086 340.987
26.275 29.177 33.543 559.654

9 2 9394.0 3705.0
37.331 31.215 27.0 1363.0
33.187 36.514 48.881 430.126
28.773 33.787 44.911 2786.169

10 2 3850.0 6134.0
41.871 41.871 7.0 577.0
37.759 39.675 33.166 2308.456
30.241 35.575 41.898 1643.661

11 2 13136.0 5670.0
69.493 61.011 28.632 4516.0
58.688 76.25 35.104 718.502
36.145 53.245 78.099 1745.699

12 2 46500.0 27732.0
80.0 80.0 33.0 36208.0
84.99 86.266 79.884 1361.393
78.355 86.262 85.766 28006.499

13 2 24764.0 7760.0
63.0 30.0 30.0 411.0
65.235 39.077 58.828 465.62
36.342 35.37 63.233 3485.271

14 2 46432.0 27592.0
96.566 96.466 12.0 12883.585
75.588 92.034 69.97 6432.19
76.374 63.586 96.474 6831.376

15 2 66982.0 55677.0
75.854 85.324 45.979 11664.0
75.854 85.324 45.979 13879.949
92.768 105.924 94.695 30025.19

16 2 51532.0 15176.0
69.106 69.139 20.05 6416.0
63.085 66.052 58.061 2273.516
63.085 51.928 69.759 7623.886

17 2 30416.0 28909.0
80.39 80.397 72.563 11322.0
80.39 80.397 72.563 9363.265
85.358 82.643 80.383 31663.232

18 2 44567.0 18280.0
60.0 50.0 30.05 11506.0
64.895 54.416 59.948 1073.179
64.721 55.611 73.561 9341.423

19 2 19267.0 10134.0
34.0 103.0 26.0 9173.0
81.402 62.654 85.561 1332.349
72.107 42.815 99.364 7526.558

20 2 12012.0 5540.0
38.414 32.239 30.984 1684.0
34.931 34.313 38.133 759.494
38.95 31.354 37.537 1441.866

