100 7 20

268 268 315
569.7 1122.3 713.3 1739.4 1770.92 1770.92 2022.92 2022.92 52.1 32.1 69.1 
1 1 1 1 1 1 1
1 0.4826 0.4826 0.4826 0.4826 0.4826 0
1 1 1 1 1 1 1
0.168 0.353 0.353 0.353 0.353 0.353 0.216
0 1 0 0 0 0 0
0 0 1 0 0 0 0
0 0 0 1 0 0 0
0 0 0 0 1 0 0
0 0 0 0 0 1 0
1 1 1 1 1 1 0
0 1 1 1 1 1 0

10 10 2 0.13 0.18 730 730 1650 1000 0.03 2115 5380 

1 5 6744.0 8607.833
57.539 24.618 18.0 1724.0
38.839 24.539 41.67 2596.0
22.14 31.957 45.99 2174.0
17.99 24.539 47.55 1489.0
42.105 28.118 36.54 2667.0
40.375 24.717 39.98 2162.0
40.375 27.742 40.047 2545.0

2 5 37635.0 17532.0
73.0 64.0 51.93 23352.0
78.349 72.716 76.41 14668.0
87.734 70.535 74.43 3396.0
73.0 74.0 64.02 15453.0
68.987 56.909 76.65 13779.0
73.174 85.9 74.033 3694.0
73.174 62.492 78.143 2025.0

3 5 1029.0 1017.0
28.298 13.763 13.77 98.0
24.866 13.754 25.11 142.0
21.82 15.906 26.88 376.0
13.676 13.763 28.29 0.0
26.711 14.9 22.41 536.0
24.866 13.754 24.866 155.0
19.768 21.95 25.144 138.548

4 5 105909.0 45458.331
69.0 169.0 36.6 36239.0
75.66 165.709 100.95 10143.0
139.045 93.199 155.67 34743.0
69.77 36.588 168.99 44612.0
90.596 147.368 136.17 47096.0
85.35 158.363 122.653 13352.0
141.1 90.551 157.215 20212.0

5 5 28588.135 20398.789
77.0 77.0 60.93 1183.0
77.0 77.0 60.93 5542.0
76.745 60.922 76.74 25217.0
69.68 74.622 76.74 25150.0
73.164 74.128 71.07 12042.0
72.454 73.732 76.903 25145.0
74.017 72.471 76.74 25145.0

6 5 6310.0 9792.0
16.55 79.7 11.52 3908.0
34.71 71.166 60.57 3726.0
27.232 37.222 80.43 5187.0
16.55 11.5 79.71 2425.0
29.561 73.178 57.36 3737.0
30.783 16.166 81.226 2439.0
26.363 62.573 65.427 3267.0

7 5 6701.0 7554.0
40.0 48.987 24.0 5289.0
39.255 41.374 46.8809 422.762
43.392 34.296 50.77 1254.614
50.307 24.611 40.243 4043.59
49.538 38.101 42.53 5762.49
46.374 28.159 49.195 605.706
39.648 27.894 49.933 2736.753

8 5 2105.0 2160.0
22.439 26.257 13.28 396.0
26.026 29.968 33.086 340.987
26.275 29.177 33.543 559.654
24.201 25.835 26.9 746.855
32.478 32.143 22.689 725.936
30.754 33.356 25.496 317.483
25.408 26.419 27.221 544.113

9 5 9394.0 3705.0
37.331 31.215 27.0 1363.0
33.187 36.514 48.881 430.126
28.773 33.787 44.911 2786.169
28.773 38.393 39.981 505.158
37.969 45.733 32.525 1861.836
37.969 36.641 40.316 153.665
27.824 33.097 37.855 500.42

10 5 3850.0 6134.0
41.871 41.871 7.0 577.0
37.759 39.675 33.166 2308.456
30.241 35.575 41.898 1643.661
30.241 35.575 41.898 1643.661
39.163 41.112 28.475 4145.824
36.165 41.112 32.871 2207.677
42.197 10.156 41.911 1455.549

11 5 13136.0 5670.0
69.493 61.011 28.632 4516.0
58.688 76.25 35.104 718.502
36.145 53.245 78.099 1745.699
46.965 25.995 82.08 3942.955
61.161 55.374 52.199 338.234
60.622 61.797 49.747 515.457
34.612 40.745 82.296 1898.203

12 5 46500.0 27732.0
80.0 80.0 33.0 36208.0
84.99 86.266 79.884 1361.393
78.355 86.262 85.766 28006.499
78.355 81.27 80.529 27077.2
78.567 51.14 80.814 28453.426
82.252 85.181 78.783 3970.74
86.282 56.186 80.411 28804.907

13 5 24764.0 7760.0
63.0 30.0 30.0 411.0
65.235 39.077 58.828 465.62
36.342 35.37 63.233 3485.271
36.342 35.37 63.233 3485.271
59.074 56.066 57.701 8172.915
56.995 60.097 56.158 1014.933
37.016 33.866 65.066 3400.0

14 5 46432.0 27592.0
96.566 96.466 12.0 12883.585
75.588 92.034 69.97 6432.19
76.374 63.586 96.474 6831.376
76.712 63.303 96.552 6885.848
91.265 85.202 60.026 83554.615
91.978 77.628 67.867 68810.437
20.218 95.94 96.566 7314.465

15 5 66982.0 55677.0
75.854 85.324 45.979 11664.0
75.854 85.324 45.979 13879.949
92.768 105.924 94.695 30025.19
77.403 65.335 93.895 45029.198
106.773 102.523 94.955 17431.459
77.63 109.952 107.794 9764.583
53.25 91.032 99.116 45259.639

16 5 51532.0 15176.0
69.106 69.139 20.05 6416.0
63.085 66.052 58.061 2273.516
63.085 51.928 69.759 7623.886
65.268 47.273 69.19 7372.21
69.669 61.832 54.484 14509.761
69.669 59.796 57.293 1453.424
36.851 68.998 69.118 6842.858

17 5 30416.0 28909.0
80.39 80.397 72.563 11322.0
80.39 80.397 72.563 9363.265
85.358 82.643 80.383 31663.232
85.358 82.643 80.383 31663.232
74.687 75.162 86.112 39486.529
79.957 80.315 77.344 9278.334
75.94 86.041 80.39 31798.182

18 5 44567.0 18280.0
60.0 50.0 30.05 11506.0
64.895 54.416 59.948 1073.179
64.721 55.611 73.561 9341.423
62.952 39.093 52.813 2873.371
73.8 62.706 61.703 6208.769
69.667 59.998 55.072 572.69
61.75 38.242 51.69 2564.588

19 5 19267.0 10134.0
34.0 103.0 26.0 9173.0
81.402 62.654 85.561 1332.349
72.107 42.815 99.364 7526.558
36.818 41.373 105.924 11228.002
83.212 77.093 76.078 18873.114
79.234 92.74 59.105 905.396
37.693 30.157 105.898 4142.198

20 5 12012.0 5540.0
38.414 32.239 30.984 1684.0
34.931 34.313 38.133 759.494
38.95 31.354 37.537 1441.866
31.158 31.354 36.539 3103.489
35.468 36.619 35.667 2836.245
33.272 36.365 37.954 933.201
31.935 37.663 31.177 2584.379

