20 1 20

268 268 315
569.7 1122.3 713.3 1739.4 1770.92 1770.92 2022.92 2022.92 52.1 32.1 69.1 
1 1 1 1 1 1 1
1 0.4826 0.4826 0.4826 0.4826 0.4826 0
1 1 1 1 1 1 1
0.168 0.353 0.353 0.353 0.353 0.353 0.216
0 1 0 0 0 0 0
0 0 1 0 0 0 0
0 0 0 1 0 0 0
0 0 0 0 1 0 0
0 0 0 0 0 1 0
1 1 1 1 1 1 0
0 1 1 1 1 1 0

10 10 2 0.13 0.18 730 730 1650 1000 0.03 2115 5380 

1 1 6744.0 8607.833
57.539 24.618 18.0 1724.0

2 1 37635.0 17532.0
73.0 64.0 51.93 23352.0

3 1 1029.0 1017.0
28.298 13.763 13.77 98.0

4 1 105909.0 45458.331
69.0 169.0 36.6 36239.0

5 1 28588.135 20398.789
77.0 77.0 60.93 1183.0

6 1 6310.0 9792.0
16.55 79.7 11.52 3908.0

7 1 6701.0 7554.0
40.0 48.987 24.0 5289.0

8 1 2105.0 2160.0
22.439 26.257 13.28 396.0

9 1 9394.0 3705.0
37.331 31.215 27.0 1363.0

10 1 3850.0 6134.0
41.871 41.871 7.0 577.0

11 1 13136.0 5670.0
69.493 61.011 28.632 4516.0

12 1 46500.0 27732.0
80.0 80.0 33.0 36208.0

13 1 24764.0 7760.0
63.0 30.0 30.0 411.0

14 1 46432.0 27592.0
96.566 96.466 12.0 12883.585

15 1 66982.0 55677.0
75.854 85.324 45.979 11664.0

16 1 51532.0 15176.0
69.106 69.139 20.05 6416.0

17 1 30416.0 28909.0
80.39 80.397 72.563 11322.0

18 1 44567.0 18280.0
60.0 50.0 30.05 11506.0

19 1 19267.0 10134.0
34.0 103.0 26.0 9173.0

20 1 12012.0 5540.0
38.414 32.239 30.984 1684.0

