25 7 6

268 268 315
569.7 1122.3 713.3 1739.4 1770.92 1770.92 2022.92 2022.92 52.1 32.1 69.1 
1 1 1 1 1 1 1
1 0.4826 0.4826 0.4826 0.4826 0.4826 0
1 1 1 1 1 1 1
0.168 0.353 0.353 0.353 0.353 0.353 0.216
0 1 0 0 0 0 0
0 0 1 0 0 0 0
0 0 0 1 0 0 0
0 0 0 0 1 0 0
0 0 0 0 0 1 0
1 1 1 1 1 1 0
0 1 1 1 1 1 0

10 10 2 0.13 0.18 730 730 1650 1000 0.03 2115 5380 

1 5 6744.0 8607.8
57.539 24.618 18.0 1724.0
38.839 24.539 41.67 2596.0
22.14 31.957 45.99 2174.0
17.99 24.539 47.55 1489.0
42.105 28.118 36.54 2667.0
40.375 24.717 39.98 2162.0
40.375 27.742 40.047 2545.0

2 4 37635.0 17532.0
73.0 64.0 51.93 26353.0
78.349 72.716 76.41 14668.0
87.734 70.535 74.43 3396.0
73.0 74.0 64.02 15453.0
68.987 56.909 76.65 13779.0
73.174 85.9 74.033 3694.0
73.174 62.492 78.143 2025.0

3 4 1029.0 1017.0
28.298 13.763 13.77 515.0
24.866 13.754 25.11 142.0
21.82 15.906 26.88 376.0
13.676 13.763 28.29 0.0
26.711 14.9 22.41 536.0
24.866 13.754 24.866 155.0
19.768 21.95 25.144 138.548

4 4 105909.0 45458.3
69.0 169.0 36.6 36239.0
75.66 165.709 100.95 10143.0
139.045 93.199 155.67 34743.0
69.77 36.588 168.99 44612.0
90.596 147.368 136.17 47096.0
85.35 158.363 122.653 13352.0
141.1 90.551 157.215 20212.0

5 4 28588.1 20398.8
77.0 77.0 60.93 5542.0
77.0 77.0 60.93 5542.0
76.745 60.922 76.74 25217.0
69.68 74.622 76.74 25150.0
73.164 74.128 71.07 12042.0
72.454 73.732 76.903 25145.0
74.017 72.471 76.74 25145.0

6 4 6310.0 9792.0
16.55 79.7 11.52 3908.0
34.71 71.166 60.57 3726.0
27.232 37.222 80.43 5187.0
16.55 11.5 79.71 2425.0
29.561 73.178 57.36 3737.0
30.783 16.166 81.226 2439.0
26.363 62.573 65.427 3267.0

