20 1 6

268 268 315
569.7 1122.3 713.3 1739.4 1770.92 1770.92 2022.92 2022.92 52.1 32.1 69.1 
1 1 1 1 1 1 1
1 0.4826 0.4826 0.4826 0.4826 0.4826 0
1 1 1 1 1 1 1
0.168 0.353 0.353 0.353 0.353 0.353 0.216
0 1 0 0 0 0 0
0 0 1 0 0 0 0
0 0 0 1 0 0 0
0 0 0 0 1 0 0
0 0 0 0 0 1 0
1 1 1 1 1 1 0
0 1 1 1 1 1 0

10 10 2 0.13 0.18 730 730 1650 1000 0.03 2115 5380 

1 4 6744.0 8607.8
57.539 24.618 18.0 1724

2 4 37635.0 17532.0
73.0 64.0 51.93 26353

3 3 1029.0 1017.0
28.298 13.763 13.77 515

4 3 105909.0 45458.3
69.0 169.0 36.6 36239

5 3 28588.1 20398.8
77.0 77.0 60.93 5542

6 3 6310.0 9792.0
16.55 79.7 11.52 3908

